86,52
86,51
86,50
86,49
86,48
86,47
86,46
86,45
86,44
86,43
86,42
86,41
86,40
86,39
86,38
86,37
86,36
86,35
3,1
3,3
10,74
10,218
10,178
10,92
10,154
10,82
10,280
10,24
10,2
10,3
11,10
9,4
9,6
8,16
8,13
8,7
76,4
76,3
76,2
76,1
76,0
75,3
75,2
75,1
75,0
74,3
74,2
74,1
74,0
73,4
73,3
73,2
73,1
73,0
72,4
72,3
72,2
72,1
72,0
71,3
71,2
71,1
71,0
12,3
20,2
12,2
20,1
12,1
11,30
11,29
11,28
11,27
11,26
11,25
11,24
11,23
11,22
11,21
11,20
11,19
11,18
11,17
11,16
11,15
20,3
11,14
11,13
11,12
11,11
11,9
11,8
11,7
11,6
11,5
11,4
11,3
11,2
11,1
19,2
19,1
10,311
10,310
19,3
10,308
10,301
10,298
10,292
10,287
10,286
10,278
10,267
